function [K_bar] = getGain_Gen(theta)

% if contains(Parameters.Turbine.String,'SUMR-D')
%     S.S1 = 1e-5;                                                                                   
%     S.S2 = 1e-5;
K_bar =[ 0, 0, 0, 0,     0.65507799426824918651723337111828*theta + 1055517.1877856629361662770645434, - 0.16873407309894642366658455151529*theta - 1761497.6925736026918163772871693, 2185730.7549476096357986851325119 - 0.000019959468804432536466390772016642*theta, 1563506.3427030546282137971895139 - 0.000019959468804432536466390772016642*theta;
 0, 0, 0, 0, - 0.0075756063782082648475784021368861*theta - 74.888474121128232751532788019251, 236.72255003815711506876323489231 - 0.0019349361739348201780774140334279*theta,  - 0.033586251971966188957369575407889*theta - 94.157348000717339996819531392869,  - 0.033586251971966188957369575407889*theta - 21.539707566486489849866778030064;
 0, 0, 0, 0,                                                  -527730.28327405452728271484375,                                                 880592.57596695423126220703125,                                                  -1061619.9555966854095458984375,                                                             -750542.819091796875;
 0, 0, 0, 0,                                                     -528131.99766254425048828125,                                                  880473.0367653369903564453125,                                                  -1092831.1524870395660400390625,                                                    -781754.015982151031494140625;
 0, 0, 0, 0,                                                350.79545728734228760004043579102,                                              106.70656832648091949522495269775,                                                55.541285610765044111758470535278,                                                55.541285610765044111758470535278;
 0, 0, 0, 0,                                                12.090279457137512508779764175415,                                              44.393621365336002781987190246582,                                               -31307.439618773758411407470703125,                                               -31307.439618773758411407470703125;
 0, 0, 0, 0,                                                0.5907777106667708721943199634552,                                             -38.947874360281275585293769836426,                                                31211.196890361607074737548828125,                                                31211.196890361607074737548828125;
 0, 0, 0, 0,                                               -401.12361072044586762785911560059,                                             -158.48707590196863748133182525635,                                       0.0000000001210073764662059352288647762208,                                       0.0000000001210073764662059352288647762208];
% elseif contains(Parameters.Turbine.String,'SUMR-13')
%     S.S1 = 1e-7;                                                                                   
%     S.S2 = 1e-6;
%     K_bar =[ 0, 0, 0, 0,      15.927302700390289990152599589494*theta + 472803.46262816488522152948431639,   20.866739316008042352222894880727*theta - 2658017.6135311610115361486916934, 0.000026749493395918208756920228054278*theta + 2385664.8185149455865961090508372, 0.000026749493395918208756920228054278*theta + 2175031.6974700905299524918991306;
%  0, 0, 0, 0, - 0.0061354076431006860679231742922003*theta - 204.66715656740286482015957445555, 749.54224486816607805645914985278 - 0.011630529820285993267071972565634*theta,  - 0.051388669505378378734354643163208*theta - 419.53798829608648026428995166543,  - 0.051388669505378378734354643163208*theta - 343.38571386858911199217507679142;
%  0, 0, 0, 0,                                                  -236495.78769838809967041015625,                                                1327801.1988694667816162109375,                                                   -2179686.200847148895263671875,                                                         -2074406.474945068359375;
%  0, 0, 0, 0,                                                 -236210.059505760669708251953125,                                                1327882.8276121616363525390625,                                                     -1192693.2064342498779296875,                                                   -1087413.480532169342041015625;
%  0, 0, 0, 0,                                               -661.74490243918262422084808349609,                                            -985.93489142344333231449127197266,                                                88.205643403984140604734420776367,                                                88.205643403984140604734420776367;
%  0, 0, 0, 0,                                               -338.02374741568928584456443786621,                                             50.000927553963265381753444671631,                                                      986371.85669803619384765625,                                                      986371.85669803619384765625;
%  0, 0, 0, 0,                                               -2.3407070256903352856170386075974,                                            -532.05875036795623600482940673828,                                                   -986992.9944131374359130859375,                                                   -986992.9944131374359130859375;
%  0, 0, 0, 0,                                                283.38748558395309373736381530762,                                            -450.43000748002668842673301696777,                                       -0.000000011739911620519256863978685423433,                                       -0.000000011739911620519256863978685423433];
% end
end